112.1587
137.0254
151.0411
159.0098
173.0255
176.0067
177.0098
190.0224
196.9879
197.9911
198.9942
213.0099
239.0069
239.0352
267.0243
268.0274
273.0431
274.0463
283.018
285.0385
287.0589
288.062
295.0275
296.0306
309.0433
310.0464
310.993
312.0244
313.0276
314.0307
323.059
326.0402
327.0433
328.0465
334.0088
335.012
336.0151
341.0591
347.0497
348.9853
349.0277
350.9916
361.0089
375.0247
375.0529
376.0561
377.0592
381.0576
387.0482
403.042
404.0452
405.0624
409.0609
410.064
412.3246
415.0374
418.0609
421.0562
423.0766
431.0311
432.0343
433.0515
444.0861
445.0469
445.0893
446.05
447.0108
448.0422
449.0453
450.0485
458.1019
459.0626
459.105
462.0579
463.0611
464.0642
465.025
470.0266
471.0297
472.0329
472.1176
477.0768
485.0455
511.0707
522.5997
539.0598
540.0629
545.0786
557.074
559.0803
567.0489
568.0521
580.1039
581.0646
581.1071
584.0599
585.0631
586.0662
594.1196
595.1228
598.0757
599.0789
600.082
603.0773
607.0475
608.1354
613.0946
614.0977
617.093
621.0632
625.0616
639.0774
681.0823
703.0667
716.1216
717.1248
721.0809
722.084
730.1374
731.1406
735.0966
736.0997
739.095
749.1124
753.1108
852.1394
857.0986
858.1017
866.1552
871.1143
872.1175
875.1128
885.1301
889.1285
