500.4832
500.9639
501.02
501.022
501.0601
501.4872
501.9709
502.0231
502.0251
502.3264
502.3284
502.9778
502.9798
503.0181
503.0201
503.0261
503.0281
503.0764
503.2596
503.33
503.3321
503.9808
503.9828
504.0796
504.3074
504.3438
504.3458
504.3478
504.9756
504.9776
504.9837
504.9857
504.9918
505.0362
505.0524
505.212
505.3474
505.3494
505.9805
505.9825
506.2153
506.2659
506.3267
506.3631
507.0077
507.03
507.0705
507.2085
507.2105
507.2734
507.98
508.0328
508.2137
508.3052
508.3418
508.3784
508.9868
508.9888
509.0092
509.0866
509.9915
510.016
510.018
510.0486
510.0568
510.0588
510.3201
510.3221
510.3568
510.3588
510.3936
510.9716
510.9839
510.986
511.0064
511.0248
511.0432
511.0452
511.0657
511.1025
511.2824
512.0028
512.0069
512.0274
512.0479
512.0683
512.0724
512.0745
512.2179
512.954
513.0012
513.0032
513.0607
513.0812
513.0832
513.2967
513.9603
514.0056
514.0837
514.0858
514.2914
514.2935
514.8945
514.9131
515.0367
515.0387
516.0409
516.3073
516.3093
516.4787
516.4808
516.9314
516.95
516.9955
516.9975
517.0782
517.0803
517.0927
517.2768
517.3099
517.312
517.4837
517.9973
517.9994
518.0823
518.273
518.302
518.3041
518.3144
518.3227
518.3248
518.4949
518.4969
518.9928
518.9949
519.3272
519.3293
519.4976
519.4996
519.9674
519.9695
520.319
520.3294
520.3315
520.3419
520.5022
520.5834
521.0709
521.4587
522.3564
522.3585
522.5988
522.6009
522.9836
523.0024
523.0045
523.0254
523.0652
523.0673
523.1028
523.2745
523.3603
523.3624
523.6011
523.6032
523.9531
523.9552
524.0076
524.0327
524.0683
524.0704
524.0746
524.3724
524.3745
524.6053
524.6074
524.96
524.9621
524.9831
525.0398
525.0419
525.0587
525.0608
525.0818
525.9647
525.9668
525.9899
525.992
526.0215
526.0425
526.0447
526.0636
526.0846
526.0888
526.0909
526.1351
526.1372
526.9861
526.9987
527.0177
527.0198
527.0388
527.0409
527.0598
527.062
527.0957
527.0978
527.9756
527.9798
528.001
528.0221
528.0432
528.0474
528.0516
528.0538
528.0685
528.1002
528.1023
528.3073
528.3094
528.9755
528.9776
529.0157
529.0178
529.0538
529.0559
529.0749
529.0771
530.0599
530.079
530.0811
530.2869
530.289
530.3229
530.325
530.3611
530.3632
531.0107
531.0128
531.0935
531.0956
531.2911
531.2932
531.9971
531.9993
532.061
532.2015
532.2824
532.2845
532.3015
532.3036
532.3398
532.3782
532.3803
532.474
532.9876
533.0068
533.0473
533.0494
533.0856
533.0878
533.284
533.2861
533.3075
533.3821
534.0097
534.0546
534.0567
534.279
534.2811
534.2961
534.2982
534.4906
534.5996
535.0639
535.066
535.0874
535.1024
535.2993
535.3015
535.9421
536.2959
536.3045
536.3732
536.4096
536.5062
537.0193
537.0215
537.0816
538.0536
538.913
538.9776
539.0402
539.0596
539.0617
540.007
540.0675
540.0696
540.3073
540.3095
541.0145
541.0556
541.0708
541.0729
541.0751
541.0773
541.1227
541.3111
542.0803
542.3232
542.3253
542.9722
542.9917
543.0721
544.303
544.3378
544.34
544.475
545.0721
545.0743
545.3425
545.3447
545.4582
546.0148
546.076
546.0781
546.3556
546.3578
546.489
546.4911
546.5261
547.0226
547.0795
547.0817
547.4735
547.4757
547.4932
547.4954
547.973
548.1177
548.1199
548.2756
548.2778
548.2975
548.3721
548.3743
548.4774
548.4972
548.9625
548.9691
548.98
548.9822
549.002
549.0218
549.3755
549.3777
549.4897
549.4919
550.0087
550.0109
550.0285
550.0307
550.3872
550.3894
550.4929
550.9974
550.9996
551.0172
551.0371
551.0591
551.0613
551.3921
551.3943
552.0011
552.0033
552.021
552.127
552.9934
552.9956
553.0554
553.0753
553.0775
553.436
554.0252
554.0828
555.0322
555.0344
555.0522
555.0544
555.0855
555.0899
555.0921
556.041
556.0611
556.0633
556.0944
556.2791
556.2813
556.3013
556.9871
557.0428
557.0473
557.0495
557.0695
557.0941
557.0963
558.0509
558.0531
558.0732
558.2965
558.3166
558.3523
558.3545
558.3903
558.4863
559.0876
559.0898
559.2508
559.4902
560.0903
560.0926
560.2808
560.3099
560.3122
560.3324
560.3346
561.0411
561.0949
561.3149
562.0473
562.0496
562.0968
562.0991
562.3262
562.3284
562.4837
562.9946
563.0149
563.0554
563.0577
563.096
563.1005
563.1027
563.4858
563.488
564.0225
564.0428
564.3655
564.3678
564.5506
564.9392
564.9527
565.0115
565.0138
565.0296
565.0318
565.0499
565.0522
565.0748
566.034
566.3216
566.9698
566.9721
566.988
566.9902
567.0084
567.0107
567.0537
567.056
567.2988
567.4122
567.4145
567.9731
568.0572
568.0981
568.3367
568.339
568.4163
568.4186
569.0487
569.0601
569.0692
569.0715
569.429
569.4313
570.0557
570.0762
570.0785
570.3522
570.3545
570.4321
570.4344
571.0645
571.085
571.3569
571.9903
572.0887
572.3313
572.3336
572.368
572.3703
572.4664
572.9773
572.9796
572.9979
573.0438
573.1034
573.3716
573.3739
573.982
574.106
574.4598
574.4805
574.5563
575.504
576.1143
577.0137
577.0161
577.0368
577.1176
577.2608
577.2631
578.0209
578.0233
578.0348
578.0441
578.2638
578.2661
578.9025
579.0299
579.0322
579.0461
579.0507
579.053
579.2685
580.1079
580.1102
580.9857
581.0043
581.0066
581.0252
581.0693
581.0717
581.1112
581.1135
582.072
582.0743
582.1162
582.9621
582.9644
583.0273
583.0297
583.0483
583.0857
584.031
584.0334
584.0567
584.3114
584.3325
585.0434
585.0645
586.067
586.0693
586.3273
586.3296
586.3484
586.9937
586.9961
587.0125
587.0712
587.3296
587.3319
587.3507
587.3531
588.0724
588.1077
588.1101
588.2912
588.343
588.3453
588.3642
588.9528
589.0353
589.0376
589.113
589.3464
589.9549
589.9573
590.5664
590.9894
591.0509
591.0532
591.0911
591.2779
591.9926
592.0494
592.0589
592.0613
592.1181
592.1205
592.1228
593.0093
593.0662
593.0686
593.1255
593.2489
594.0088
594.0183
594.1228
594.1252
594.3772
594.96
595.0123
595.0242
595.0266
595.0837
595.0861
595.1266
595.1289
595.1694
595.2646
595.3313
595.4433
595.4456
596.0891
596.9791
597.0436
597.0651
598.0451
598.0474
598.0714
598.0738
599.0219
599.0794
599.0818
599.2423
599.2447
600.0291
600.0315
600.0819
600.0843
600.2475
600.3268
601.038
601.0404
601.0836
601.086
601.0885
601.4444
601.519
602.0413
602.0437
602.1256
602.3207
602.3232
602.3424
602.9668
602.9692
603.0367
603.044
603.0464
603.0512
603.5338
603.5362
604.0821
604.0845
604.5389
604.926
604.9284
605.0034
605.0058
605.0083
605.0107
605.03
605.0325
606.0376
606.0401
606.9619
606.9644
607.0251
607.0275
607.0445
607.0469
608.0482
608.0506
608.1406
609.0413
609.0511
609.0535
609.1851
610.9983
611.0594
611.0618
611.3258
612.0868
612.0892
612.9713
613.0939
613.0963
614.0462
614.0977
614.1002
614.1026
614.1051
615.054
615.2164
615.2189
616.0561
616.0586
616.3568
616.3593
616.3618
617.0525
617.0599
617.1833
617.1858
617.3636
618.0257
618.0282
618.3769
619.0253
619.0451
619.0476
619.0847
620.0537
620.0562
621.0044
621.0615
621.064
621.1012
621.4591
621.4616
622.0112
622.0137
622.0634
622.0659
623.0197
623.0222
623.0396
623.0421
623.067
623.0695
623.4759
624.0223
624.0248
624.0797
624.247
625.0165
625.019
625.024
625.0265
625.044
625.0565
625.0765
625.5067
626.0224
626.08
626.9872
627.0348
627.1101
627.1126
628.1143
628.6019
628.6044
628.9439
628.9464
629.0269
629.0295
629.0672
629.0697
630.0317
630.072
630.0745
630.3392
630.3417
631.0456
631.086
631.1137
631.3435
631.346
632.0409
632.0434
632.051
632.3545
632.357
633.0428
633.1011
633.3594
633.3848
634.0007
634.0033
634.3609
634.3635
634.9524
635.0032
635.0058
635.0185
635.021
635.0591
635.0769
635.0794
635.1404
635.143
635.3996
635.4021
636.0277
636.0811
636.4043
637.0334
637.036
637.9871
638.0382
638.0407
638.0943
638.0969
638.9934
638.9959
639.0343
639.0419
639.0726
639.0905
639.0931
639.9961
639.9987
640.096
640.9902
640.9927
641.0491
641.0517
641.2261
641.996
642.3736
642.6306
642.9597
643.042
643.0446
643.5155
643.5181
643.6339
643.9944
644.3552
644.3578
644.3887
644.3913
644.5202
644.5227
644.9999
645.0024
645.0231
645.3586
645.3612
646.0043
646.0068
646.0301
646.0327
646.3351
646.3713
646.3739
646.9973
647.018
647.0258
647.0387
647.0413
647.0568
647.0594
647.0775
647.0801
647.3752
648.0152
648.0178
648.0255
648.0411
648.0437
648.0877
648.0903
649.0165
649.045
649.0944
649.097
649.9725
649.9751
650.0999
651.0498
651.0524
651.1149
652.0532
652.0558
652.1105
652.3219
652.3245
652.9458
652.9641
653.0085
653.0111
653.0868
653.0894
653.0921
653.0947
653.1077
653.3246
653.3272
654.0123
654.0149
654.0698
654.096
654.0986
654.1091
654.1117
654.3367
654.3393
654.5095
655.0071
655.0648
655.0674
655.3399
655.3426
655.3504
655.513
656.0691
656.3552
656.3893
657.0592
657.0618
657.1012
657.1223
657.1249
657.2274
657.5061
658.0192
658.1534
658.3693
658.372
658.4062
659.0175
659.0201
659.0386
659.0781
659.0808
659.3735
659.3761
659.45
660.02
660.0464
660.049
660.086
660.0886
660.3844
660.387
660.9737
660.9764
660.9975
661.0531
661.0557
661.0742
661.0954
661.389
661.4657
662.003
662.0057
662.056
662.0586
662.1036
662.1513
662.9994
663.0127
663.0153
663.0312
663.0339
663.0524
663.0551
663.0737
663.1108
663.1135
663.9893
663.992
664.0159
664.0186
664.0611
664.9887
665.0313
665.0685
665.0712
665.0898
665.0925
665.3186
665.4996
666.0722
666.3387
666.5013
666.504
666.9787
667.024
667.0267
667.1094
668.012
668.2953
668.2979
668.3167
668.3541
669.0014
669.004
669.0201
670.0056
670.0244
670.0699
670.3112
670.3139
670.4051
670.4077
672.1692
672.387
672.4193
672.422
672.4247
673.0328
673.0355
673.0947
673.0974
673.391
673.4233
673.426
673.9919
673.9946
674.0377
674.0674
674.1267
674.9901
675.0117
675.0685
675.0712
675.0739
675.0766
676.0196
676.0223
676.0818
676.0845
677.0263
677.029
677.0479
677.0696
677.0859
677.0886
677.0913
678.0317
678.0751
678.0778
678.0941
678.9844
678.9871
679.0061
679.0468
679.0821
679.0849
679.1066
679.99
680.0879
680.3519
680.3546
681.087
681.0898
681.4713
681.474
682.0903
682.0931
682.3714
682.4779
682.5052
683.0159
683.035
683.0924
683.0951
683.3821
683.9864
684.386
684.3887
684.4216
684.9748
684.994
684.9968
685.0159
685.3887
685.3914
686.0223
686.025
686.4011
686.4038
687.0109
687.0136
687.0301
687.0328
687.0493
687.0521
687.0713
687.4039
687.4067
687.4809
688.0146
688.0174
688.0339
688.0532
688.3945
688.4165
689.0088
689.0888
689.0915
690.0128
690.0956
690.0983
691.043
691.0458
691.0486
691.0679
691.0707
691.1038
691.1066
692.0555
692.0582
692.0776
692.313
692.3157
692.9363
692.9557
693.0001
693.0028
693.0638
693.0832
693.086
693.3189
693.4465
694.0681
694.0875
694.0903
694.3291
694.3319
695.0794
695.1017
695.1044
695.3325
695.3352
695.4604
695.4632
696.1061
696.1089
696.4654
697.0562
697.1092
698.0635
698.1138
698.4378
699.0107
699.0303
699.0722
699.3771
700.0376
700.3821
700.4186
700.9679
701.0268
701.0296
701.0464
701.0492
701.066
701.0885
702.051
702.0707
702.1437
702.9868
703.0037
703.0065
703.0233
703.0262
703.0683
703.0711
703.4565
704.0083
704.028
704.073
704.9833
705.0651
705.0848
705.1328
705.5306
706.0924
706.0952
706.3297
706.3692
707.0788
707.0986
707.1014
708.2875
708.2903
708.3442
708.347
708.3838
708.3867
708.9933
708.9961
709.0132
709.0585
709.1181
709.1209
709.4415
709.998
710.1229
710.3047
711.3084
711.4365
712.1283
712.1312
713.029
713.2772
713.28
714.0394
714.0508
714.0594
714.2793
714.2822
715.0454
715.0626
715.0655
715.0683
716.1245
716.1274
717.0016
717.0188
717.0217
717.0389
717.0418
717.0848
717.0877
717.1278
717.1307
718.0435
718.0865
718.0894
718.1296
718.1325
718.9775
718.9804
718.9977
719.0005
719.0437
719.0638
719.1012
720.0453
720.0482
720.0712
720.0741
720.3449
721.0598
721.08
721.0829
722.0816
722.0844
723.0093
723.0296
723.0845
723.0874
724.1236
724.1265
724.967
724.9699
725.0511
726.4678
726.5055
727.0055
727.023
727.0608
727.0637
727.0666
727.2935
727.4099
728.0095
728.027
728.1376
729.0819
730.0245
730.1384
730.1413
730.3925
730.5386
731.0414
731.0999
731.1028
731.1438
731.2812
732.0597
732.1476
732.5518
732.5548
732.9944
733.0149
733.0589
733.0795
733.5576
734.0859
734.0889
735.0938
735.0967
736.0471
736.0971
736.1001
736.533
737.0517
737.0547
737.1019
737.1048
738.0548
738.0578
738.5391
738.5421
739.0593
739.0622
740.5566
741.0218
741.0248
741.0396
741.0456
741.0782
741.5645
742.0422
742.0541
742.057
742.9777
742.9807
742.9986
743.0402
743.061
743.0639
743.4029
743.5813
744.0633
744.0663
744.1556
744.1585
745.067
745.0699
745.1594
746.3615
746.5705
747.0754
747.0784
748.1041
748.5501
748.9874
749.1102
749.1132
749.5088
749.5118
750.0637
750.1147
750.1177
751.0694
751.0724
752.0735
752.3774
752.5189
752.5219
753.5219
753.5249
754.0435
754.3935
754.5353
754.5383
755.0546
755.0939
755.538
755.541
756.0701
756.542
756.5451
756.5511
756.5541
757.0779
757.0809
757.5595
758.0263
758.0293
758.0809
758.0839
758.5693
759.0336
759.0367
759.0579
760.0393
760.0423
760.5836
760.5867
761.034
761.0432
761.0706
761.0736
761.0919
761.0949
762.0759
762.0789
762.0941
762.0972
763.0031
763.1282
763.4885
764.962
765.0446
765.0844
765.0874
766.0888
766.3554
766.3585
766.4995
766.9964
766.9995
767.3585
767.3616
768.3721
768.3752
768.495
768.5135
768.5165
768.5504
768.5534
769.3747
769.3778
769.4978
769.5193
769.5963
770.0151
770.0182
770.3786
770.508
770.5111
770.5296
770.5327
771.0939
771.0969
771.4363
771.5134
771.5165
771.535
772.0444
772.0969
772.5171
773.0518
773.0549
773.0735
774.0544
774.0575
774.1132
775.0086
775.0117
775.0861
775.0892
775.1078
776.0136
776.0912
776.0943
776.1099
776.113
777.0449
777.048
777.0666
778.0495
778.0526
778.5351
778.5382
779.5323
779.5354
779.5385
779.5416
780.3715
780.3746
780.537
780.5495
780.5526
781.0179
781.0398
781.5554
782.0464
782.0495
782.3875
782.3906
782.5659
782.569
782.5784
783.0543
783.0575
783.0731
783.0763
783.0951
783.0982
783.3927
783.5713
783.5745
784.0322
784.0573
784.0604
784.1012
784.1043
784.4902
784.509
784.5122
784.5844
784.5875
785.0333
785.1086
785.1118
785.5893
785.5924
785.9916
786.5042
786.5074
786.5262
786.5986
786.6018
787.0676
787.0707
787.4297
787.5084
787.5305
787.603
787.6061
788.0725
788.3373
788.3405
788.9809
789.0251
789.0282
789.104
789.1071
789.1229
789.1261
789.3407
790.0293
790.1084
790.1147
790.1178
790.1273
790.3517
790.3549
791.0602
791.0634
791.0824
791.3577
792.0671
792.3364
792.3396
792.5869
792.59
794.1704
794.3865
794.3897
794.5104
794.5295
794.5327
794.5676
794.6026
794.6058
794.6312
795.035
795.0954
795.3912
795.5153
795.5344
795.6076
795.6108
796.0628
796.4036
796.5247
796.5279
796.547
796.5502
797.0123
797.0697
797.0729
797.0888
797.092
797.1111
797.1143
797.5289
797.5512
797.6278
798.0203
798.0235
798.0746
798.1193
798.5408
798.544
798.5632
798.6303
799.0169
799.0265
799.0297
799.0489
799.1256
799.1288
799.5444
799.5476
799.6436
800.0307
800.0339
800.0787
800.0883
801.0073
801.0458
801.0842
801.0874
801.1067
801.1099
801.5137
801.5169
802.0878
802.091
802.3542
802.5178
802.5211
802.9963
803.0413
803.0445
803.1248
803.6293
804.0473
804.1309
804.369
804.3722
804.5524
804.9548
805.0192
805.0353
805.0385
805.0771
805.0804
805.6409
805.6441
806.3276
806.5663
806.5695
806.647
806.6502
807.5703
807.5735
808.1843
808.1875
808.4041
808.5108
808.582
808.5852
809.0511
809.0543
809.5853
809.5885
810.0096
810.3466
810.3499
810.5249
810.5282
810.5898
810.5995
811.086
811.0892
811.0925
811.6053
811.6085
812.0372
812.0891
812.0989
812.5213
812.5408
813.0447
813.048
813.0642
813.1032
813.1065
813.1098
813.4741
813.4774
813.601
813.6205
813.6238
814.047
814.0502
814.0926
814.1056
814.1089
814.1121
814.4802
815.0016
815.0049
815.0994
815.1027
815.1222
815.1255
815.4614
815.4908
815.494
816.0063
816.1042
816.3687
816.4928
816.4961
817.058
817.0613
817.1038
817.107
817.4895
818.062
818.1078
819.0541
819.1098
819.113
820.4017
820.405
820.5461
821.009
821.0123
821.032
822.0409
822.4191
822.4224
822.5408
822.5441
822.5605
822.5638
823.0279
823.0312
823.0476
823.0674
823.423
823.5647
823.568
823.6767
823.68
824.026
824.0326
824.0491
824.0524
824.5041
824.5074
824.5569
824.5602
824.5766
824.5799
824.6822
824.6855
825.0253
825.1045
825.1078
825.5601
825.5634
825.5799
825.5832
825.6955
826.1151
826.5216
826.6969
826.7002
827.0607
827.064
827.1203
827.1236
828.0935
828.3287
828.332
828.5375
829.0182
829.0215
829.0812
829.1011
829.1044
829.1177
830.0236
830.1066
830.3457
830.349
831.0734
831.0767
831.1199
831.3493
831.3527
831.6587
832.0779
832.1212
832.1245
833.127
833.6737
833.677
834.1073
834.1307
834.5979
835.0487
835.6435
836.0547
836.5431
836.6134
836.6168
837.0452
837.062
837.0653
837.0821
837.0854
837.1055
837.6582
837.6615
838.0134
838.067
838.1609
838.2615
838.5365
838.5566
838.56
838.6606
838.664
839.0028
839.0196
839.023
839.0398
839.0431
839.0867
839.0901
839.5635
839.6542
839.6743
839.6777
840.0271
840.0439
840.0875
840.0909
840.5514
840.5548
840.5716
840.5749
840.6556
840.659
840.6758
840.6792
840.9987
841.002
841.0391
841.0794
841.0996
841.103
841.5068
841.5102
841.5775
841.6684
841.6718
841.6886
841.692
842.1062
842.1095
842.5172
842.6723
842.6925
843.1173
843.1207
843.5221
843.5255
844.1229
844.3052
844.3627
844.3931
844.4032
844.5248
844.5282
845.0114
845.0756
845.1331
845.1365
846.1377
846.1411
846.3205
846.3239
848.1234
848.1471
849.0432
849.0466
849.2946
851.08
851.0834
851.0868
851.6385
851.71
851.7134
852.1394
852.1428
852.361
852.5383
852.5758
852.7156
853.0363
853.0397
853.0568
853.1011
853.1045
853.1455
853.6336
853.6541
853.7258
853.7292
854.0401
854.105
854.1084
854.146
854.1494
854.5526
854.5561
854.5902
854.5937
854.6381
854.6586
854.7304
854.9971
855.0142
855.0176
855.0553
855.0587
855.0621
855.0826
855.1168
855.1202
855.6472
855.6506
855.6711
856.0648
856.0888
856.0922
856.3628
856.5683
856.6506
856.654
857.0961
857.0996
857.6757
858.0978
858.1012
859.1007
859.1041
859.1522
859.4891
859.6885
859.6919
860.6932
860.6966
863.0202
863.0237
863.0409
863.0616
864.0253
865.0178
865.1009
865.6893
865.6928
866.1569
866.1604
866.3752
866.3787
866.5554
866.6941
867.0547
867.0582
867.1172
867.1206
867.1588
867.1622
867.3773
867.3808
867.5231
867.5578
867.5612
867.6862
867.707
868.0785
868.1653
868.5682
868.5717
868.7106
869.013
869.0756
869.0791
869.0964
869.5381
869.5415
869.5728
869.5763
869.6285
869.7015
870.1052
870.1087
870.3593
870.5403
870.5438
870.5473
870.5752
870.5786
871.1116
871.1151
871.5473
871.6658
872.0634
872.1157
872.1192
873.0686
873.0721
873.1175
873.121
874.0749
874.0784
875.0789
875.1069
875.1104
875.4851
876.1121
877.0378
877.0553
877.0764
877.7257
877.7292
878.0698
878.0733
878.9975
879.0151
879.0327
879.0362
879.0784
879.0819
879.7397
879.7432
880.0811
880.0846
880.1727
880.1762
880.5706
880.7467
881.085
881.0956
881.1766
881.7584
882.5488
882.5523
882.5841
882.5876
882.7606
883.0926
883.0962
883.5201
883.5908
884.3864
884.5669
885.0022
885.0057
885.1261
885.1296
885.3881
885.5333
885.5369
885.5688
886.1322
886.1357
887.0861
887.0897
887.1358
888.0909
889.0932
889.1217
889.1252
890.5525
891.0728
891.522
891.7074
892.571
892.7103
893.0924
893.096
893.5748
893.7
893.7214
893.725
894.0968
894.1004
894.5869
894.7229
894.7265
895.0522
895.0558
895.0737
895.0773
895.5894
895.593
895.7148
895.7184
895.7363
895.7399
896.0553
896.0589
896.0804
896.0839
896.6002
896.6038
896.7186
896.7222
896.7401
896.7437
897.0881
897.0917
897.1097
897.605
897.6086
897.7343
898.0934
898.097
898.1114
898.115
899.0207
899.0963
899.143
899.1466
900.147
900.3595
900.5612
901.1017
901.1053
902.1043
902.1079
902.3749
903.014
903.0321
903.5163
904.0187
904.3877
904.3913
905.3939
906.0351
906.5499
907.1085
907.1122
907.7002
907.7038
907.7728
907.7764
908.1142
908.6374
908.641
909.0664
909.07
909.0882
909.0918
909.6447
909.6957
909.6993
909.7175
910.0705
910.0742
910.096
910.0996
910.1288
910.4019
910.7005
910.7224
911.0248
911.0284
911.105
911.1086
911.1232
911.1268
911.7101
911.7138
911.732
912.0311
912.1077
912.1114
912.126
912.1296
912.7136
913.0641
913.0678
913.0824
913.086
913.1116
914.0654
914.069
915.0348
915.0385
915.0714
915.119
916.0382
916.0419
916.8337
917.0318
917.0428
917.0464
917.0501
917.3252
918.0631
918.0667
918.4047
918.5884
919.0698
919.0735
919.0919
919.1139
919.5111
919.7391
920.074
920.0777
920.6004
920.6041
921.0793
921.1272
921.1308
921.6063
921.7537
922.6169
922.6206
922.7572
923.0857
923.0894
923.6213
923.625
923.7469
923.7691
924.0869
924.0906
924.3457
924.3568
924.5601
924.6267
924.6341
924.9966
925.0447
925.1187
925.1224
925.1261
925.1409
925.6925
925.711
926.1221
926.1258
926.1295
926.1443
926.3703
926.3741
927.0784
927.0821
927.1006
927.3751
927.7275
928.0801
928.0839
928.34
928.3549
928.5294
929.0384
929.3432
930.0423
930.1874
930.5447
930.5484
930.6489
931.0659
931.5502
932.0795
933.0867
933.0904
933.1091
933.1277
933.7886
934.0389
934.0912
935.0333
935.0445
935.0482
935.0669
935.1455
935.7329
935.804
935.8078
936.0474
936.0511
936.1073
936.523
936.5979
936.6354
936.8078
936.8115
937.0813
937.0851
937.1001
937.1038
937.1226
937.1263
937.5313
937.535
937.6025
937.7488
938.0864
938.1052
938.109
938.1277
938.1315
938.5368
938.5406
938.6119
938.6157
938.7959
938.7997
939.0137
939.0588
939.0626
939.1377
939.1414
939.6186
940.0622
940.066
940.145
940.1487
941.0555
941.0931
941.0969
941.1157
941.7069
942.0987
942.1025
942.355
942.3588
943.0526
943.0564
943.3582
943.362
943.7017
944.3625
944.3814
944.5627
945.0691
946.3667
946.5181
946.5219
947.1013
947.1051
947.1089
947.5409
947.5447
947.7683
948.0527
948.1134
948.1172
948.6331
948.7735
949.0506
949.062
949.0658
949.081
949.0847
949.1227
949.1265
949.491
949.4948
949.6392
949.7835
949.7873
950.0647
950.0685
950.1217
950.1255
950.1293
950.6501
950.787
950.7908
951.0191
951.0229
951.0799
951.0989
951.118
951.1408
951.5099
951.7802
952.0239
952.1191
952.1229
952.5152
952.5914
953.0755
953.0793
953.1212
953.125
954.0786
954.0825
954.1244
954.1282
954.7926
955.1134
955.1287
955.7975
957.0485
958.0559
958.328
958.3318
958.5772
959.0451
959.0643
959.0681
959.0835
959.3329
960.0661
960.0699
961.042
961.1227
963.0777
963.0816
963.1393
963.5362
964.3498
964.9903
965.0367
965.1177
965.1216
965.1332
966.122
966.3616
966.3655
967.0924
967.135
967.1389
968.0949
968.1375
968.1413
968.4047
968.4086
968.5868
969.0518
969.141
969.1449
969.4085
969.4124
970.1261
970.1494
972.0722
973.0798
973.0837
973.0993
974.0845
974.1781
975.0357
975.0396
975.0591
975.102
975.1059
975.6912
976.0425
976.1049
976.1088
977.0581
977.0933
977.0972
977.1167
977.1206
978.1256
979.0063
979.0533
979.1316
979.1356
979.539
979.543
980.1387
981.1076
981.1507
981.1547
982.1559
982.1599
984.3663
984.3821
984.5947
985.0595
985.0635
987.0948
987.0988
987.1027
988.1022
988.1575
988.1615
989.0552
989.0749
989.1185
989.1224
989.162
989.1659
990.0566
990.1199
990.1239
990.1635
990.1675
991.0115
991.0154
991.0709
991.0749
991.0788
991.1106
991.1344
992.1061
992.1101
993.0709
993.1107
993.1146
994.1162
994.1202
995.1188
995.1227
995.1705
996.1224
998.0487
999.0393
999.0553
999.0593
999.0752
999.0792
1000.043
1000.063
1000.079
1001.035
1002.173
1002.177
1002.394
1003.072
1003.092
1003.132
1003.136
1003.176
1003.18
1004.18
1004.184
1004.585
1004.589
1005.027
1005.092
1005.096
1005.112
1005.116
1005.554
1005.558
1005.59
1005.594
1006.121
1006.126
1006.56
1007.128
1007.132
1007.563
1008.132
1008.136
1009.088
1009.092
1009.136
1009.14
1010.089
1010.093
1011.096
1011.124
1011.128
1012.128
1012.132
1012.399
1013.055
1013.072
1013.076
1013.092
1013.096
1014.45
1015.051
1015.096
1015.1
1016.099
1016.103
1016.188
1016.193
1017.103
1017.108
1017.112
1017.193
1018.113
1018.117
1019.111
1019.127
1020.404
1021.021
1021.143
1021.147
1022.149
1022.153
1023.102
1023.106
1023.151
1023.155
1024.105
1024.109
1025.109
1025.113
1025.138
1025.142
1026.143
1026.147
1027.095
1028.102
1029.049
1029.065
1029.069
1029.11
1029.115
1030.115
1030.12
1031.068
1031.072
1031.092
1031.121
1031.125
1032.074
1032.095
1032.099
1032.128
1032.132
1032.62
1033.103
1033.107
1033.111
1033.124
1033.128
1034.108
1034.112
1034.128
1034.132
1035.039
1035.113
1035.117
1035.159
1035.163
1035.594
1036.165
1037.119
1037.123
1038.124
1039.033
1039.05
1039.092
1039.154
1039.158
1040.16
1040.406
1041.114
1042.443
1042.447
1043.127
1043.131
1043.448
1043.452
1044.133
1044.45
1044.58
1044.584
1045.086
1045.09
1045.107
1045.14
1045.583
1046.089
1046.114
1046.144
1047.044
1047.119
1047.123
1047.14
1047.144
1048.07
1048.125
1048.129
1048.146
1049.077
1049.081
1049.085
1049.098
1049.102
1049.127
1049.132
1050.085
1050.089
1050.106
1051.089
1051.118
1051.135
1051.589
1053.046
1053.067
1053.105
1053.606
1054.083
1055.065
1055.087
1055.091
1055.108
1055.129
1056.091
1056.096
1057.144
1057.148
1058.417
1058.422
1058.633
1058.638
1059.099
1059.104
1059.421
1060.104
1060.108
1060.129
1060.133
1061.016
1061.139
1061.143
1061.156
1061.16
1062.141
1062.145
1062.162
1063.093
1063.098
1063.115
1063.119
1063.144
1064.097
1064.102
1064.119
1064.123
1064.357
1065.051
1065.055
1065.102
1065.132
1065.136
1065.153
1066.56
1066.565
1067.085
1067.124
1067.128
1067.563
1067.568
1068.097
1068.127
1069.08
1069.102
1069.106
1069.123
1069.145
1070.107
1070.111
1071.062
1071.066
1071.084
1071.161
1072.065
1072.069
1072.087
1072.091
1072.095
1072.125
1073.099
1073.103
1073.116
1073.121
1073.138
1073.142
1073.55
1074.104
1074.121
1074.125
1074.147
1075.028
1075.075
1075.08
1075.153
1075.157
1076.078
1076.082
1076.16
1076.164
1077.111
1077.116
1077.133
1078.116
1078.12
1078.37
1078.375
1079.069
1079.074
1079.376
1081.346
1082.536
1083.121
1083.125
1085.077
1085.081
1085.138
1085.142
1086.084
1086.141
1086.145
1086.436
1087.036
1087.114
1087.119
1087.132
1087.136
1087.441
1088.119
1088.137
1088.141
1089.073
1089.077
1089.09
1089.095
1089.138
1089.143
1090.097
1090.141
1090.145
1091.131
1091.144
1091.149
1094.348
1095.079
1095.084
1095.101
1096.083
1096.087
1097.632
1099.095
1099.099
1099.156
1101.132
1101.136
1101.15
1101.154
1102.137
1102.141
1102.154
1103.089
1103.107
1103.111
1103.151
1103.156
1104.114
1104.158
1104.162
1104.423
1104.427
1105.161
1105.43
1106.165
1107.147
1107.152
1108.153
1109.098
1110.101
1111.056
1111.078
1111.118
1111.123
1112.061
1112.123
1112.127
1113.075
1113.111
1113.115
1113.133
1113.138
1113.605
1114.113
1114.118
1114.14
1115.072
1115.148
1115.152
1116.156
1117.108
1117.125
1117.17
1117.175
1118.172
1118.176
1119.178
1120.612
1121.078
1121.163
1121.168
1123.116
1124.177
1125.072
1125.094
1125.135
1125.139
1125.18
1126.076
1126.139
1126.184
1127.09
1127.094
1127.126
1127.13
1127.148
1127.153
1128.123
1128.127
1128.132
1129.084
1129.089
1129.129
1129.134
1130.132
1130.137
1131.136
1131.141
1131.186
1132.141
1135.075
1135.093
1135.18
1136.079
1138.189
1138.194
1139.109
1139.151
1139.192
1139.196
1140.199
1141.112
1141.13
1141.143
1141.659
1142.134
1142.139
1142.66
1142.665
1143.103
1143.145
1143.149
1144.151
1144.156
1145.103
1145.108
1145.154
1145.158
1146.107
1146.111
1146.157
1147.111
1147.139
1147.143
1148.144
1148.149
1149.091
1149.109
1149.114
1149.15
1151.069
1151.11
1151.115
1152.114
1152.119
1152.207
1152.211
1153.124
1153.129
1153.212
1154.13
1154.135
1155.128
1155.146
1156.154
1157.162
1157.167
1157.635
1158.167
1159.117
1159.122
1159.168
1159.173
1160.124
1160.129
1161.127
1161.155
1161.159
1162.158
1162.163
1163.116
1163.167
1164.122
1165.086
1165.128
1165.133
1166.13
1166.135
1167.087
1167.092
1167.138
1167.143
1168.091
1168.114
1168.119
1168.147
1169.124
1169.129
1169.143
1169.147
1170.125
1170.13
1170.149
1171.127
1171.132
1171.179
1172.182
1173.134
1173.139
1174.139
1174.143
1175.05
1175.069
1175.172
1175.177
1176.179
1178.463
1178.467
1179.146
1179.467
1180.595
1180.6
1181.101
1181.105
1181.124
1181.157
1181.602
1182.107
1182.131
1182.136
1182.164
1183.139
1183.143
1183.158
1183.162
1184.142
1184.147
1184.161
1184.166
1185.095
1185.1
1185.119
1185.147
1185.152
1185.683
1185.688
1186.1
1186.105
1186.689
1187.106
1187.135
1187.154
1188.137
1188.142
1189.064
1189.083
1191.107
1191.111
1191.15
1192.108
1192.112
1193.162
1195.12
1195.125
1196.125
1196.149
1197.154
1197.158
1197.173
1197.178
1198.16
1198.165
1198.179
1199.109
1199.114
1199.119
1199.133
1199.138
1199.162
1200.117
1200.122
1200.141
1201.072
1201.149
1201.154
1201.168
1201.659
1202.154
1202.159
1205.12
1205.124
1206.128
1207.083
1207.102
1207.18
1208.107
1208.112
1208.141
1209.118
1209.137
1209.142
1209.156
1209.161
1210.119
1210.124
1210.139
1210.143
1210.163
1211.092
1211.097
1211.17
1211.175
1212.178
1213.129
1213.134
1214.134
1214.391
1215.169
1216.17
1217.363
1219.136
1219.141
1220.141
1221.098
1221.118
1221.157
1221.162
1222.1
1222.125
1222.159
1222.164
1222.452
1223.132
1223.137
1223.152
1223.157
1223.176
1224.135
1224.14
1224.155
1224.16
1224.179
1225.091
1225.11
1225.115
1225.154
1225.159
1226.115
1226.159
1226.164
1227.146
1227.16
1227.165
1228.152
1229.711
1229.715
1230.714
1231.098
1231.103
1231.719
1232.103
1235.113
1235.173
1237.151
1237.156
1237.17
1238.156
1238.161
1239.107
1239.127
1239.132
1239.171
1239.176
1240.133
1240.173
1240.178
1241.16
1241.165
1241.175
1241.18
1242.164
1242.184
1243.163
1243.168
1244.168
1244.173
1245.114
1245.119
1245.139
1245.687
1246.12
1246.688
1247.073
1247.137
1248.101
1248.14
1249.129
1249.134
1249.149
1249.154
1250.134
1250.159
1251.09
1251.165
1251.17
1252.171
1252.176
1253.123
1253.143
1253.183
1253.188
1253.193
1254.191
1254.196
1255.165
1255.195
1257.18
1257.185
1258.186
1259.132
1260.19
1260.195
1261.113
1261.154
1261.194
1261.199
1262.153
1262.158
1262.198
1262.203
1263.143
1263.148
1263.168
1263.173
1264.143
1264.149
1264.154
1264.174
1265.074
1265.1
1265.105
1265.145
1265.15
1266.153
1266.158
1267.156
1267.161
1267.201
1267.206
1268.16
1268.205
1271.09
1271.095
1271.197
1272.204
1273.151
1273.737
1273.742
1274.205
1274.211
1274.741
1274.746
1275.128
1275.169
1275.21
1275.215
1275.746
1276.134
1276.215
1277.145
1277.15
1277.165
1278.151
1278.157
1278.162
1279.118
1279.123
1279.164
1279.169
1280.167
1280.172
1281.12
1281.125
1281.171
1281.177
1282.125
1282.13
1282.151
1282.176
1283.131
1283.156
1283.161
1284.163
1284.168
1285.108
1285.129
1285.165
1285.17
1287.13
1287.135
1288.134
1288.222
1288.227
1289.144
1289.15
1289.227
1289.232
1289.712
1290.145
1290.15
1290.718
1291.147
1291.162
1292.17
1293.178
1293.183
1294.182
1294.187
1295.135
1295.14
1295.161
1295.187
1295.192
1296.14
1296.145
1296.166
1297.146
1297.172
1297.178
1298.179
1299.125
1299.182
1301.143
1301.148
1302.153
1303.106
1303.137
1303.158
1303.164
1304.133
1304.139
1304.165
1305.141
1305.146
1305.162
1305.167
1306.143
1306.149
1306.17
1307.147
1307.152
1307.194
1307.199
1308.198
1308.203
1309.156
1309.203
1310.157
1311.19
1311.195
1312.197
1314.482
1315.161
1315.166
1317.124
1317.177
1317.767
1318.147
1318.152
1318.184
1318.769
1319.154
1319.16
1319.175
1319.181
1319.772
1320.157
1320.162
1320.184
1321.113
1321.119
1321.14
1321.161
1321.166
1322.118
1322.123
1322.144
1323.149
1323.155
1324.155
1324.161
1327.125
1328.129
1331.139
1333.174
1333.18
1333.196
1333.74
1334.177
1334.183
1334.743
1335.128
1335.133
1335.154
1335.181
1336.132
1336.137
1336.159
1337.164
1337.169
1337.191
1338.17
1338.175
1341.138
1341.144
1342.142
1342.147
1344.13
1344.162
1345.136
1345.157
1346.137
1346.142
1346.158
1346.18
1347.112
1347.187
1347.193
1348.195
1349.145
1349.15
1350.154
1351.181
1351.186
1352.186
1352.192
1353.133
1355.159
1357.172
1357.177
1358.144
1358.176
1359.149
1359.155
1359.171
1359.176
1360.155
1360.177
1361.108
1361.129
1361.173
1361.178
1361.794
1362.175
1362.181
1362.796
1363.178
1363.184
1363.8
1367.115
1367.121
1368.122
1371.129
1371.135
1373.166
1373.171
1374.171
1374.177
1375.122
1375.128
1375.145
1375.189
1375.194
1376.19
1376.196
1377.181
1377.198
1377.765
1378.769
1378.774
1379.182
1379.188
1380.187
1381.137
1385.126
1385.148
1385.17
1386.151
1387.183
1387.188
1388.193
1389.204
1389.209
1390.21
1391.211
1393.199
1393.205
1394.203
1394.208
1396.212
1397.173
1397.212
1397.218
1399.141
1399.164
1399.169
1399.186
1400.166
1401.163
1401.169
1402.167
1402.172
1403.171
1403.177
1403.222
1404.176
1404.227
1405.817
1406.819
1406.824
1407.213
1407.218
1407.821
1407.826
1408.22
1410.222
1410.227
1411.226
1411.232
1412.231
1414.17
1414.176
1415.177
1415.183
1416.18
1416.185
1417.137
1417.143
1417.183
1417.188
1417.194
1418.141
1418.169
1418.192
1419.174
1419.179
1420.179
1420.185
1421.185
1421.793
1422.794
1423.147
1424.15
1424.241
1425.158
1425.164
1425.244
1426.168
1427.178
1429.194
1429.2
1430.195
1430.201
1431.151
1431.156
1431.202
1431.208
1432.159
1432.182
1433.19
1433.196
1434.194
1434.199
1435.198
1437.163
1438.163
1439.176
1440.149
1440.155
1440.184
1441.152
1441.158
1442.161
1443.165
1443.171
1443.211
1443.217
1444.216
1445.17
1447.206
1447.212
1448.208
1448.214
1449.842
1449.848
1450.846
1451.177
1451.85
1454.163
1455.17
1455.176
1456.172
1456.177
1457.127
1457.133
1457.18
1457.185
1458.136
1459.163
1459.169
1460.167
1460.173
1465.82
1466.154
1466.823
1469.189
1469.195
1469.542
1469.548
1470.189
1470.195
1470.548
1471.148
1471.195
1471.201
1472.148
1472.172
1473.179
1473.185
1474.187
1474.193
1475.19
1481.15
1481.174
1482.152
1482.158
1483.207
1487.199
1488.205
1493.871
1494.188
1494.875
1495.162
1495.168
1495.186
1495.192
1495.874
1495.88
1496.167
1496.173
1497.185
1497.191
1498.192
1498.198
1499.199
1509.181
1509.187
1509.845
1510.189
1510.848
1511.204
1511.21
1512.208
1512.214
1513.176
1513.212
1513.218
1515.199
1515.205
1516.205
1521.144
1523.202
1525.22
1525.226
1526.221
1526.227
1527.229
1529.215
1529.222
1530.219
1532.228
1533.227
1533.233
1535.16
1537.182
1537.188
1537.895
1537.901
1538.184
1538.191
1538.898
1538.905
1539.188
1539.194
1539.237
1539.902
1543.232
1546.241
1546.247
1547.243
1547.249
1549.175
1551.197
1551.203
1552.196
1552.202
1553.202
1553.209
1553.873
1554.874
1555.192
1555.198
1556.194
1556.2
1557.202
1560.257
1565.214
1565.221
1566.216
1566.223
1567.175
1567.219
1567.225
1569.208
1569.214
1570.212
1570.219
1571.218
1577.174
1577.181
1578.178
1579.188
1579.226
1579.232
1580.231
1580.237
1581.926
1582.926
1582.932
1583.223
1583.23
1583.933
1584.231
1591.191
1591.197
1592.191
1592.197
1593.197
1595.187
1596.189
1596.195
1597.901
1605.204
1605.21
1606.212
1609.203
1610.201
1610.207
1617.172
1623.218
1624.225
1625.954
1626.956
1627.959
1631.185
1632.19
1633.209
1634.209
1634.215
1641.927
1647.223
1647.23
1648.225
1648.231
1651.221
1661.238
1661.244
1662.241
1663.971
1665.236
1666.235
1669.979
1670.981
1673.201
1673.208
1674.206
1675.21
1679.249
1685.953
1687.214
1687.221
1688.213
1688.22
1688.227
1689.22
1689.227
1691.214
1692.216
1701.229
1701.236
1702.236
1705.228
1706.231
1713.193
1714.009
1715.01
1716.012
1727.209
1727.216
1728.211
1731.207
1745.224
1758.032
1759.038
1784.244
1801.254
1802.061
1809.218
1810.224
1823.232
1823.239
1824.239
1837.252
1838.259
